0.1	1.351418254454689	0.1351418254454689	0.01351418254454689
0.101	1.3581585369381928	0.1358158536938193	0.013581585369381928
0.10200000000000001	1.364865533465779	0.13648655334657792	0.01364865533465779
0.10300000000000001	1.3715397323546845	0.13715397323546846	0.013715397323546846
0.10400000000000001	1.3781816100979918	0.13781816100979918	0.013781816100979918
0.10500000000000001	1.384791631761626	0.13847916317616263	0.013847916317616261
0.10600000000000001	1.3913702513643735	0.13913702513643736	0.013913702513643737
0.10700000000000001	1.3979179122418075	0.13979179122418076	0.013979179122418075
0.10800000000000001	1.4044350473949399	0.140443504739494	0.0140443504739494
0.10900000000000001	1.4109220798243824	0.14109220798243824	0.014109220798243824
0.11	1.4173794228507393	0.14173794228507394	0.014173794228507392
0.111	1.4238074804219243	0.14238074804219242	0.014238074804219243
0.112	1.4302066474080455	0.14302066474080455	0.014302066474080456
0.113	1.436577309884468	0.1436577309884468	0.014365773098844683
0.114	1.4429198454036278	0.1442919845403628	0.014429198454036278
0.115	1.4492346232561386	0.14492346232561387	0.014492346232561387
0.116	1.4555220047217068	0.14555220047217068	0.014555220047217068
0.117	1.4617823433103267	0.1461782343310327	0.014617823433103267
0.11800000000000001	1.4680159849942245	0.14680159849942248	0.014680159849942247
0.11900000000000001	1.4742232684309715	0.14742232684309717	0.014742232684309716
0.12000000000000001	1.4804045251781792	0.14804045251781792	0.014804045251781792
0.12100000000000001	1.486560079900158	0.14865600799001583	0.01486560079900158
0.122	1.4926902505669075	0.14926902505669076	0.014926902505669078
0.123	1.498795348645782	0.1498795348645782	0.01498795348645782
0.124	1.5048756792861542	0.15048756792861542	0.01504875679286154
0.125	1.5109315414973963	0.15109315414973964	0.015109315414973965
0.126	1.5169632283204597	0.15169632283204598	0.015169632283204598
0.127	1.5229710269933454	0.15229710269933455	0.015229710269933455
0.128	1.5289552191107165	0.15289552191107167	0.015289552191107166
0.129	1.5349160807779143	0.15349160807779144	0.015349160807779143
0.13	1.54085388275961	0.15408538827596102	0.015408538827596102
0.131	1.5467688906233212	0.15467688906233212	0.015467688906233212
0.132	1.5526613648780063	0.15526613648780066	0.015526613648780064
0.133	1.5585315611079447	0.15585315611079448	0.015585315611079448
0.134	1.564379730102094	0.15643797301020942	0.015643797301020942
0.135	1.5702061179791125	0.15702061179791127	0.015702061179791126
0.136	1.5760109663082198	0.157601096630822	0.015760109663082198
0.137	1.5817945122260673	0.15817945122260674	0.01581794512226067
0.138	1.5875569885497767	0.15875569885497767	0.015875569885497768
0.139	1.5932986238862972	0.15932986238862973	0.015932986238862974
0.14	1.5990196427382317	0.15990196427382317	0.01599019642738232
0.14100000000000001	1.6047202656062631	0.16047202656062634	0.01604720265606263
0.14200000000000002	1.610400709088322	0.16104007090883218	0.016104007090883218
0.14300000000000002	1.6160611859756124	0.16160611859756124	0.016160611859756122
0.14400000000000002	1.621701905345627	0.16217019053456272	0.01621701905345627
0.14500000000000002	1.627323072652253	0.1627323072652253	0.01627323072652253
0.14600000000000002	1.6329248898130937	0.16329248898130938	0.01632924889813094
0.14700000000000002	1.6385075552940966	0.1638507555294097	0.016385075552940966
0.14800000000000002	1.6440712641916015	0.16440712641916017	0.016440712641916017
0.14900000000000002	1.6496162083118926	0.16496162083118926	0.016496162083118927
0.15000000000000002	1.655142576248354	0.1655142576248354	0.016551425762483543
0.15100000000000002	1.6606505534563172	0.16606505534563173	0.01660650553456317
0.15200000000000002	1.6661403223256752	0.16661403223256752	0.016661403223256755
0.153	1.671612062251358	0.1671612062251358	0.01671612062251358
0.154	1.677065949701732	0.1677065949701732	0.01677065949701732
0.155	1.6825021582850068	0.1682502158285007	0.01682502158285007
0.156	1.6879208588137182	0.16879208588137184	0.016879208588137184
0.157	1.6933222193673516	0.16933222193673517	0.016933222193673516
0.158	1.6987064053531755	0.16987064053531756	0.016987064053531755
0.159	1.7040735795653426	0.17040735795653428	0.017040735795653426
0.16	1.709423902242324	0.1709423902242324	0.01709423902242324
0.161	1.714757531122726	0.17147575311227262	0.01714757531122726
0.162	1.7200746214995561	0.1720074621499556	0.017200746214995562
0.163	1.725375326272975	0.17253753262729749	0.017253753262729748
0.164	1.7306597960016024	0.17306597960016024	0.017306597960016025
0.165	1.7359281789524132	0.17359281789524134	0.01735928178952413
0.166	1.7411806211492753	0.17411806211492753	0.017411806211492752
0.167	1.7464172664201727	0.17464172664201727	0.01746417266420173
0.168	1.7516382564431625	0.17516382564431626	0.017516382564431627
0.169	1.7568437307910958	0.17568437307910958	0.017568437307910956
0.17	1.7620338269751545	0.17620338269751548	0.017620338269751547
0.171	1.7672086804872376	0.17672086804872378	0.017672086804872377
0.17200000000000001	1.7723684248412281	0.17723684248412283	0.017723684248412284
0.173	1.7775131916131905	0.17775131916131906	0.017775131916131903
0.174	1.7826431104805143	0.17826431104805143	0.017826431104805144
0.175	1.7877583092600566	0.17877583092600566	0.017877583092600565
0.176	1.7928589139452975	0.17928589139452974	0.017928589139452975
0.177	1.7979450487425486	0.17979450487425486	0.017979450487425486
0.178	1.8030168361062462	0.18030168361062462	0.01803016836106246
0.179	1.8080743967733497	0.180807439677335	0.018080743967733497
0.18	1.8131178497968756	0.18131178497968756	0.018131178497968758
0.181	1.8181473125785983	0.18181473125785985	0.018181473125785986
0.182	1.8231629009009347	0.18231629009009348	0.018231629009009348
0.183	1.8281647289580463	0.18281647289580463	0.018281647289580462
0.184	1.83315290938617	0.183315290938617	0.0183315290938617
0.185	1.8381275532932184	0.18381275532932184	0.018381275532932187
0.186	1.8430887702876513	0.1843088770287651	0.018430887702876514
0.187	1.8480366685066563	0.18480366685066563	0.018480366685066564
0.188	1.8529713546436475	0.18529713546436477	0.018529713546436476
0.189	1.8578929339751113	0.18578929339751116	0.018578929339751114
0.19	1.8628015103868103	0.18628015103868104	0.018628015103868103
0.191	1.8676971863993679	0.1867697186399368	0.01867697186399368
0.192	1.8725800631932534	0.18725800631932535	0.018725800631932535
0.193	1.877450240633179	0.18774502406331792	0.01877450240633179
0.194	1.8823078172919314	0.18823078172919316	0.018823078172919314
0.195	1.8871528904736492	0.18871528904736495	0.018871528904736496
0.196	1.8919855562365648	0.18919855562365648	0.01891985556236565
0.197	1.8968059094152243	0.18968059094152245	0.018968059094152244
0.198	1.9016140436422029	0.19016140436422033	0.01901614043642203
0.199	1.9064100513693227	0.19064100513693227	0.019064100513693227
0.2	1.9111940238883958	0.1911194023888396	0.01911194023888396
0.201	1.915966051351498	0.1915966051351498	0.01915966051351498
0.202	1.9207262227907926	0.19207262227907929	0.019207262227907928
0.203	1.925474626137908	0.19254746261379083	0.01925474626137908
0.20400000000000001	1.9302113482428942	0.19302113482428943	0.01930211348242894
0.20500000000000002	1.934936474892751	0.1934936474892751	0.01934936474892751
0.20600000000000002	1.9396500908295597	0.19396500908295597	0.0193965009082956
0.20700000000000002	1.9443522797682147	0.19443522797682147	0.019443522797682147
0.20800000000000002	1.949043124413769	0.1949043124413769	0.01949043124413769
0.20900000000000002	1.9537227064784088	0.1953722706478409	0.01953722706478409
0.21000000000000002	1.9583911066980602	0.195839110669806	0.019583911066980604
0.21100000000000002	1.9630484048486392	0.19630484048486394	0.019630484048486392
0.21200000000000002	1.9676946797619597	0.196769467976196	0.019676946797619596
0.21300000000000002	1.9723300093413005	0.19723300093413007	0.019723300093413006
0.21400000000000002	1.9769544705766462	0.19769544705766462	0.019769544705766463
0.21500000000000002	1.9815681395596068	0.19815681395596066	0.019815681395596068
0.21600000000000003	1.9861710914980244	0.19861710914980243	0.019861710914980246
0.21700000000000003	1.99076340073028	0.199076340073028	0.019907634007302798
0.21800000000000003	1.9953451407392964	0.19953451407392964	0.019953451407392964
0.21900000000000003	1.9999163841662617	0.1999916384166262	0.01999916384166262
0.22	2.004477202824065	0.20044772028240654	0.020044772028240652
0.221	2.009027667710458	0.20090276677104582	0.02009027667710458
0.222	2.0135678490209505	0.20135678490209505	0.020135678490209506
0.223	2.018097816161444	0.2018097816161444	0.02018097816161444
0.224	2.022617637760613	0.2022617637760613	0.020226176377606132
0.225	2.0271273816820337	0.20271273816820337	0.020271273816820336
0.226	2.031627115036071	0.20316271150360712	0.020316271150360714
0.227	2.0361169041915357	0.20361169041915356	0.020361169041915355
0.228	2.0405968147870994	0.20405968147870995	0.020405968147870997
0.229	2.0450669117424964	0.20450669117424963	0.020450669117424963
0.23	2.0495272592694946	0.20495272592694946	0.020495272592694947
0.231	2.053977920882661	0.2053977920882661	0.02053977920882661
0.232	2.0584189594099134	0.20584189594099137	0.020584189594099134
0.233	2.0628504370028686	0.20628504370028689	0.020628504370028687
0.234	2.067272415146988	0.2067272415146988	0.02067272415146988
0.23500000000000001	2.0716849546715337	0.20716849546715335	0.020716849546715335
0.23600000000000002	2.0760881157593305	0.20760881157593306	0.020760881157593305
0.23700000000000002	2.080481957956344	0.20804819579563438	0.020804819579563438
0.23800000000000002	2.084866540181072	0.20848665401810723	0.020848665401810726
0.23900000000000002	2.089241920733769	0.20892419207337692	0.02089241920733769
0.24000000000000002	2.093608157305483	0.2093608157305483	0.020936081573054828
0.24100000000000002	2.0979653069869375	0.20979653069869375	0.02097965306986938
0.24200000000000002	2.1023134262772354	0.21023134262772356	0.021023134262772355
0.24300000000000002	2.1066525710924098	0.21066525710924097	0.021066525710924097
0.24400000000000002	2.1109827967738144	0.21109827967738143	0.021109827967738144
0.245	2.115304158096355	0.2115304158096355	0.021153041580963552
0.246	2.1196167092765763	0.2119616709276576	0.021196167092765762
0.247	2.1239205039805977	0.21239205039805978	0.02123920503980598
0.248	2.1282155953319037	0.21282155953319037	0.021282155953319035
0.249	2.132502035918996	0.21325020359189958	0.02132502035918996
0.25	2.136779877802905	0.2136779877802905	0.021367798778029048
0.251	2.1410491725245664	0.21410491725245662	0.021410491725245662
0.252	2.1453099711120682	0.21453099711120685	0.021453099711120683
0.253	2.1495623240877655	0.21495623240877657	0.021495623240877657
0.254	2.15380628147527	0.215380628147527	0.0215380628147527
0.255	2.158041892806315	0.2158041892806315	0.02158041892806315
0.256	2.1622692071275025	0.21622692071275024	0.021622692071275026
0.257	2.1664882730069257	0.2166488273006926	0.02166488273006926
0.258	2.1706991385406833	0.21706991385406835	0.021706991385406833
0.259	2.1749018513592744	0.21749018513592744	0.021749018513592743
0.26	2.1790964586338837	0.21790964586338837	0.021790964586338835
0.261	2.1832830070825597	0.21832830070825596	0.021832830070825596
0.262	2.187461542976287	0.2187461542976287	0.02187461542976287
0.263	2.1916321121449496	0.21916321121449497	0.0219163211214495
0.264	2.195794759983197	0.21957947599831973	0.021957947599831974
0.265	2.1999495314562107	0.21999495314562106	0.02199949531456211
0.266	2.204096471105368	0.2204096471105368	0.022040964711053677
0.267	2.2082356230538145	0.22082356230538147	0.022082356230538145
0.268	2.212367031011943	0.22123670310119434	0.02212367031011943
0.269	2.2164907382827783	0.22164907382827786	0.022164907382827784
0.27	2.220606787767269	0.2220606787767269	0.022206067877672687
0.271	2.2247152219695	0.22247152219695002	0.022247152219695
0.272	2.2288160830018113	0.2228816083001811	0.02228816083001811
0.273	2.2329094125898323	0.22329094125898324	0.022329094125898324
0.274	2.2369952520774388	0.2236995252077439	0.022369952520774387
0.275	2.2410736424316213	0.22410736424316213	0.02241073642431621
0.276	2.245144624247283	0.22451446242472828	0.02245144624247283
0.277	2.2492082377519433	0.22492082377519437	0.022492082377519436
0.278	2.2532645228103907	0.2253264522810391	0.022532645228103908
0.279	2.2573135189292315	0.22573135189292318	0.022573135189292316
0.28	2.2613552652613884	0.22613552652613883	0.022613552652613885
0.281	2.265389800610513	0.2265389800610513	0.02265389800610513
0.28200000000000003	2.2694171634353326	0.22694171634353327	0.022694171634353326
0.28300000000000003	2.273437391853931	0.22734373918539313	0.02273437391853931
0.28400000000000003	2.2774505236479534	0.22774505236479536	0.022774505236479538
0.28500000000000003	2.2814565962667515	0.22814565962667518	0.022814565962667517
0.28600000000000003	2.2854556468314597	0.22854556468314596	0.022854556468314597
0.28700000000000003	2.2894477121390087	0.22894477121390086	0.02289447712139009
0.28800000000000003	2.293432828666075	0.22934328286660752	0.022934328286660748
0.28900000000000003	2.2974110325729717	0.22974110325729719	0.022974110325729716
0.29000000000000004	2.301382359707474	0.2301382359707474	0.02301382359707474
0.29100000000000004	2.3053468456085895	0.23053468456085896	0.023053468456085895
0.29200000000000004	2.309304525510269	0.23093045255102693	0.023093045255102692
0.29300000000000004	2.313255434345058	0.2313255434345058	0.023132554343450577
0.29400000000000004	2.3171996067476957	0.23171996067476955	0.02317199606747696
0.29500000000000004	2.321137077058658	0.23211370770586578	0.023211370770586576
0.29600000000000004	2.325067879327643	0.2325067879327643	0.023250678793276428
0.29700000000000004	2.3289920473170094	0.23289920473170095	0.023289920473170096
0.29800000000000004	2.3329096145051587	0.23329096145051587	0.023329096145051586
0.29900000000000004	2.336820614089867	0.23368206140898667	0.023368206140898667
0.30000000000000004	2.340725078991567	0.2340725078991567	0.02340725078991567
0.30100000000000005	2.344623041856582	0.2344623041856582	0.023446230418565823
0.30200000000000005	2.34851453506031	0.234851453506031	0.0234851453506031
0.30300000000000005	2.3523995907103616	0.2352399590710362	0.023523995907103617
0.30400000000000005	2.35627824064965	0.23562782406496505	0.0235627824064965
0.30500000000000005	2.3601505164594365	0.23601505164594366	0.023601505164594368
0.30600000000000005	2.3640164494623295	0.23640164494623297	0.023640164494623295
0.30700000000000005	2.3678760707252424	0.23678760707252425	0.023678760707252423
0.30800000000000005	2.3717294110623044	0.23717294110623044	0.023717294110623045
0.309	2.3755765010377328	0.23755765010377328	0.023755765010377326
0.31	2.379417370968661	0.23794173709686608	0.023794173709686606
0.311	2.3832520509279216	0.23832520509279218	0.023832520509279215
0.312	2.387080570746803	0.2387080570746803	0.023870805707468027
0.313	2.390902960017744	0.2390902960017744	0.02390902960017744
0.314	2.394719248097018	0.23947192480970184	0.02394719248097018
0.315	2.398529464107347	0.2398529464107347	0.023985294641073473
0.316	2.402333636940509	0.2402333636940509	0.02402333636940509
0.317	2.406131795259883	0.24061317952598832	0.024061317952598832
0.318	2.409923967502975	0.24099239675029754	0.024099239675029752
0.319	2.4137101818839013	0.24137101818839013	0.02413710181883901
0.32	2.4174904663958348	0.2417490466395835	0.024174904663958347
0.321	2.4212648488134216	0.2421264848813422	0.024212648488134217
0.322	2.425033356695164	0.24250333566951643	0.02425033356695164
0.323	2.428796017385764	0.24287960173857642	0.02428796017385764
0.324	2.4325528580184406	0.24325528580184408	0.024325528580184407
0.325	2.436303905517211	0.24363039055172112	0.02436303905517211
0.326	2.440049186599145	0.24400491865991455	0.024400491865991452
0.327	2.4437887277765813	0.24437887277765816	0.024437887277765816
0.328	2.4475225553593205	0.24475225553593202	0.024475225553593202
0.329	2.4512506954567805	0.24512506954567803	0.024512506954567803
0.33	2.454973173980132	0.24549731739801325	0.02454973173980132
0.331	2.4586900166443955	0.2458690016644396	0.024586900166443958
0.332	2.4624012489705147	0.2462401248970515	0.02462401248970515
0.333	2.466106896287402	0.24661068962874025	0.02466106896287402
0.334	2.4698069837339554	0.24698069837339556	0.024698069837339555
0.335	2.4735015362610455	0.24735015362610455	0.024735015362610455
0.336	2.477190578633482	0.2477190578633482	0.024771905786334817
0.337	2.480874135431949	0.2480874135431949	0.02480874135431949
0.338	2.484552231054914	0.24845522310549148	0.024845522310549144
0.339	2.4882248897205184	0.2488224889720519	0.024882248897205188
0.33999999999999997	2.491892135468431	0.24918921354684312	0.02491892135468431
0.34099999999999997	2.4955539921616907	0.24955539921616912	0.02495553992161691
0.34199999999999997	2.499210483488513	0.24992104834885132	0.024992104834885127
0.34299999999999997	2.5028616329640796	0.25028616329640796	0.025028616329640797
0.344	2.5065074639323046	0.2506507463932305	0.02506507463932305
0.345	2.5101479995675726	0.2510147999567573	0.025101479995675725
0.346	2.51378326287646	0.25137832628764595	0.025137832628764595
0.347	2.5174132766994286	0.2517413276699429	0.025174132766994286
0.348	2.521038063712503	0.25210380637125035	0.02521038063712503
0.349	2.5246576464289214	0.25246576464289217	0.025246576464289214
0.35	2.5282720472007663	0.25282720472007664	0.025282720472007664
0.351	2.5318812882205775	0.25318812882205777	0.025318812882205773
0.352	2.5354853915229376	0.25354853915229375	0.02535485391522938
0.353	2.539084378986046	0.2539084378986046	0.02539084378986046
0.354	2.5426782723332675	0.25426782723332675	0.025426782723332677
0.355	2.546267093134658	0.2546267093134658	0.02546267093134658
0.356	2.549850862808481	0.2549850862808481	0.02549850862808481
0.357	2.5534296026226944	0.2553429602622694	0.025534296026226942
0.358	2.5570033336964237	0.2557003333696424	0.025570033336964237
0.359	2.560572077001418	0.25605720770014184	0.025605720770014186
0.36	2.5641358533634855	0.25641358533634856	0.025641358533634855
0.361	2.5676946834639094	0.2567694683463909	0.025676946834639093
0.362	2.5712485878408486	0.25712485878408486	0.025712485878408485
0.363	2.5747975868907234	0.25747975868907236	0.02574797586890723
0.364	2.578341700869577	0.25783417008695775	0.025783417008695773
0.365	2.581880949894429	0.2581880949894429	0.025818809498944287
0.366	2.5854153539446023	0.25854153539446023	0.02585415353944602
0.367	2.588944932863043	0.25889449328630426	0.02588944932863043
0.368	2.592469706357619	0.2592469706357619	0.025924697063576193
0.369	2.595989694002404	0.25959896940024035	0.025959896940024037
0.37	2.5995049152389433	0.2599504915238944	0.025995049152389434
0.371	2.6030153893775116	0.26030153893775115	0.026030153893775117
0.372	2.606521135598346	0.26065211355983464	0.026065211355983463
0.373	2.610022172952871	0.2610022172952871	0.026100221729528708
0.374	2.6135185203649045	0.2613518520364905	0.026135185203649047
0.375	2.617010196631854	0.26170101966318543	0.026170101966318537
0.376	2.620497220425892	0.26204972204258925	0.026204972204258922
0.377	2.6239796102951263	0.2623979610295126	0.02623979610295126
0.378	2.6274573846647438	0.26274573846647437	0.026274573846647435
0.379	2.630930561838155	0.2630930561838155	0.02630930561838155
0.38	2.6343991599981127	0.2634399159998113	0.026343991599981128
0.381	2.637863197207827	0.2637863197207827	0.026378631972078265
0.382	2.6413226914120562	0.26413226914120563	0.026413226914120562
0.383	2.6447776604382005	0.26447776604382006	0.026447776604382005
0.384	2.648228121997366	0.26482281219973663	0.02648228121997366
0.385	2.651674093685427	0.2651674093685427	0.02651674093685427
0.386	2.655115592984073	0.26551155929840725	0.02655115592984073
0.387	2.6585526372618427	0.2658552637261843	0.026585526372618427
0.388	2.6619852437751472	0.26619852437751473	0.026619852437751473
0.389	2.6654134296692824	0.2665413429669282	0.026654134296692826
0.39	2.6688372119794233	0.2668837211979423	0.026688372119794232
0.391	2.672256607631616	0.2672256607631616	0.02672256607631616
0.392	2.675671633443754	0.26756716334437536	0.026756716334437537
0.393	2.67908230612654	0.267908230612654	0.026790823061265397
0.394	2.6824886422844427	0.2682488642284443	0.02682488642284443
0.395	2.685890658416639	0.2685890658416639	0.02685890658416639
0.396	2.6892883709179465	0.2689288370917946	0.026892883709179465
0.397	2.6926817960797442	0.2692681796079744	0.02692681796079744
0.398	2.6960709500908853	0.2696070950090885	0.026960709500908852
0.399	2.6994558490385985	0.26994558490385984	0.026994558490385984
0.4	2.702836508909378	0.2702836508909378	0.02702836508909378
0.401	2.7062129455898645	0.2706212945589864	0.027062129455898646
0.402	2.709585174867714	0.2709585174867714	0.027095851748677142
0.403	2.7129532124324656	0.27129532124324657	0.027129532124324656
0.404	2.7163170738763855	0.2716317073876386	0.027163170738763856
0.405	2.7196767746953134	0.2719676774695313	0.027196767746953135
0.406	2.7230323302894948	0.27230323302894954	0.02723032330289495
0.40700000000000003	2.7263837559644037	0.2726383755964404	0.02726383755964404
0.40800000000000003	2.729731066931558	0.27297310669315583	0.02729731066931558
0.40900000000000003	2.7330742783093247	0.2733074278309325	0.027330742783093248
0.41000000000000003	2.736413405123716	0.2736413405123716	0.027364134051237162
0.41100000000000003	2.739748462309178	0.27397484623091783	0.027397484623091783
0.41200000000000003	2.743079464709369	0.2743079464709369	0.027430794647093693
0.41300000000000003	2.746406427077932	0.2746406427077932	0.02746406427077932
0.41400000000000003	2.749729364079255	0.2749729364079255	0.02749729364079255
0.41500000000000004	2.753048290289227	0.2753048290289227	0.027530482902892273
0.41600000000000004	2.7563632201959836	0.27563632201959837	0.027563632201959835
0.41700000000000004	2.759674168200642	0.27596741682006415	0.027596741682006418
0.41800000000000004	2.7629811486180356	0.2762981148618036	0.027629811486180357
0.41900000000000004	2.766284175677433	0.2766284175677433	0.027662841756774328
0.42000000000000004	2.769583263523252	0.27695832635232526	0.027695832635232523
0.42100000000000004	2.772878426215769	0.2772878426215769	0.02772878426215769
0.42200000000000004	2.776169677731816	0.2776169677731816	0.027761696777318157
0.42300000000000004	2.7794570319654714	0.27794570319654716	0.027794570319654714
0.42400000000000004	2.782740502728747	0.2782740502728747	0.027827405027287474
0.42500000000000004	2.7860201037522634	0.27860201037522636	0.027860201037522632
0.42600000000000005	2.7892958486859203	0.27892958486859204	0.027892958486859205
0.42700000000000005	2.7925677510995577	0.27925677510995583	0.02792567751099558
0.42800000000000005	2.795835824483615	0.2795835824483615	0.02795835824483615
0.42900000000000005	2.799100082249777	0.27991000822497775	0.02799100082249777
0.43000000000000005	2.802360537731618	0.2802360537731618	0.02802360537731618
0.43100000000000005	2.805617204185235	0.28056172041852356	0.028056172041852352
0.43200000000000005	2.8088700947898797	0.280887009478988	0.0280887009478988
0.43300000000000005	2.8121192226485783	0.2812119222648578	0.028121192226485785
0.43400000000000005	2.8153646007887465	0.2815364600788747	0.028153646007887466
0.43500000000000005	2.8186062421628018	0.28186062421628016	0.02818606242162802
0.43600000000000005	2.821844159648765	0.2821844159648765	0.028218441596487648
0.43700000000000006	2.8250783660508563	0.28250783660508566	0.028250783660508563
0.43800000000000006	2.8283088741000886	0.2828308874100089	0.028283088741000887
0.43900000000000006	2.8315356964548486	0.2831535696454849	0.028315356964548486
0.44000000000000006	2.8347588457014785	0.2834758845701479	0.028347588457014784
0.44100000000000006	2.837978334354847	0.2837978334354847	0.028379783343548466
0.44200000000000006	2.841194174858918	0.2841194174858918	0.02841194174858918
0.44300000000000006	2.8444063795873085	0.2844406379587308	0.028444063795873085
0.44400000000000006	2.8476149608438486	0.28476149608438484	0.028476149608438486
0.44500000000000006	2.850819930863127	0.2850819930863127	0.02850819930863127
0.44600000000000006	2.854021301811039	0.28540213018110394	0.028540213018110393
0.44700000000000006	2.8572190857853226	0.28572190857853225	0.028572190857853223
0.44800000000000006	2.860413294816091	0.2860413294816091	0.028604132948160912
0.44900000000000007	2.863603940866366	0.2863603940866366	0.02863603940866366
0.45000000000000007	2.8667910358325934	0.2866791035832594	0.028667910358325936
0.45100000000000007	2.869974591545167	0.28699745915451674	0.02869974591545167
0.45199999999999996	2.873154619768936	0.2873154619768936	0.028731546197689365
0.45299999999999996	2.876331132203717	0.28763311322037166	0.028763311322037168
0.45399999999999996	2.8795041404847894	0.287950414048479	0.028795041404847895
0.45499999999999996	2.8826736561834023	0.28826736561834027	0.028826736561834022
0.45599999999999996	2.8858396908072548	0.2885839690807255	0.028858396908072546
0.45699999999999996	2.8890022558009965	0.28890022558009965	0.028890022558009962
0.45799999999999996	2.892161362546699	0.2892161362546699	0.02892161362546699
0.45899999999999996	2.895317022364341	0.2895317022364341	0.02895317022364341
0.45999999999999996	2.8984692465122768	0.2898469246512277	0.02898469246512277
0.46099999999999997	2.9016180461877097	0.290161804618771	0.029016180461877098
0.46199999999999997	2.904763432527151	0.2904763432527151	0.02904763432527151
0.46299999999999997	2.907905416606883	0.29079054166068835	0.029079054166068836
0.46399999999999997	2.911044009443413	0.29110440094434137	0.029110440094434132
0.46499999999999997	2.914179221993925	0.2914179221993925	0.029141792219939247
0.46599999999999997	2.917311065156722	0.29173110651567224	0.029173110651567222
0.46699999999999997	2.920439549771675	0.2920439549771675	0.02920439549771675
0.46799999999999997	2.923564686620653	0.2923564686620653	0.02923564686620653
0.469	2.9266864864279625	0.29266864864279624	0.029266864864279624
0.47	2.929804959860773	0.2929804959860773	0.02929804959860773
0.471	2.9329201175295445	0.2932920117529545	0.029329201175295444
0.472	2.9360319699884485	0.2936031969988449	0.029360319699884486
0.473	2.939140527735784	0.29391405277357846	0.029391405277357844
0.474	2.9422458012143915	0.2942245801214392	0.02942245801214392
0.475	2.945347800812062	0.2945347800812062	0.02945347800812062
0.476	2.948446536861943	0.29484465368619434	0.02948446536861943
0.477	2.951542019642939	0.2951542019642939	0.029515420196429394
0.478	2.9546342593801107	0.29546342593801106	0.02954634259380111
0.479	2.9577232662450674	0.29577232662450675	0.029577232662450676
0.48	2.9608090503563584	0.29608090503563583	0.029608090503563583
0.481	2.9638916217798608	0.29638916217798605	0.02963891621779861
0.482	2.966970990529161	0.2966970990529161	0.029669709905291608
0.483	2.970047166565932	0.29700471665659317	0.029700471665659315
0.484	2.973120159800316	0.29731201598003165	0.02973120159800316
0.485	2.9761899800912897	0.29761899800912894	0.029761899800912896
0.486	2.979256637247037	0.2979256637247037	0.02979256637247037
0.487	2.982320141025315	0.29823201410253153	0.02982320141025315
0.488	2.985380501133815	0.2985380501133815	0.029853805011338157
0.489	2.988437727230521	0.2988437727230521	0.029884377272305213
0.49	2.9914918289240666	0.29914918289240666	0.02991491828924066
0.491	2.9945428157740865	0.29945428157740867	0.029945428157740865
0.492	2.997590697291564	0.2997590697291564	0.02997590697291564
0.493	3.0006354829391824	0.3000635482939183	0.03000635482939182
0.494	3.0036771821316606	0.3003677182131661	0.030036771821316605
0.495	3.0067158042360984	0.3006715804236098	0.030067158042360983
0.496	3.0097513585723084	0.30097513585723085	0.03009751358572308
0.497	3.012783854413156	0.30127838544131563	0.03012783854413156
0.498	3.0158133009848815	0.30158133009848814	0.030158133009848813
0.499	3.018839707467434	0.3018839707467434	0.030188397074674342
0.5	3.0218630829947926	0.3021863082994793	0.03021863082994793
0.501	3.024883436655291	0.3024883436655291	0.030248834366552915
0.502	3.027900777491934	0.3027900777491934	0.030279007774919344
0.503	3.030915114502713	0.3030915114502713	0.030309151145027132
0.504	3.0339264566409194	0.30339264566409196	0.030339264566409195
0.505	3.0369348128154576	0.30369348128154583	0.03036934812815458
0.506	3.039940191891149	0.3039940191891149	0.030399401918911488
0.507	3.0429426026890365	0.30429426026890366	0.030429426026890367
0.508	3.045942053986691	0.3045942053986691	0.03045942053986691
0.509	3.0489385545185064	0.30489385545185066	0.030489385545185065
0.51	3.0519321129759964	0.30519321129759963	0.030519321129759965
0.511	3.0549227380080923	0.30549227380080923	0.030549227380080923
0.512	3.057910438221433	0.30579104382214334	0.030579104382214332
0.513	3.06089522218065	0.306089522218065	0.0306089522218065
0.514	3.0638770984086587	0.3063877098408659	0.03063877098408659
0.515	3.066856075386942	0.3066856075386942	0.030668560753869423
0.516	3.0698321615558286	0.3069832161555829	0.030698321615558286
0.517	3.072805365314774	0.30728053653147747	0.030728053653147742
0.518	3.075775695022639	0.30757756950226395	0.030757756950226388
0.519	3.078743158997959	0.3078743158997959	0.03078743158997959
0.52	3.08170776551922	0.30817077655192204	0.030817077655192204
0.521	3.0846695228251275	0.30846695228251275	0.030846695228251276
0.522	3.0876284391148707	0.30876284391148706	0.030876284391148708
0.523	3.090584522548391	0.30905845225483913	0.030905845225483907
0.524	3.0935377812466425	0.30935377812466425	0.030935377812466424
0.525	3.096488223291852	0.3096488223291852	0.030964882232918517
0.526	3.0994358567277795	0.30994358567277797	0.030994358567277797
0.527	3.1023806895599706	0.3102380689559971	0.03102380689559971
0.528	3.1053227297560126	0.3105322729756013	0.03105322729756013
0.529	3.1082619852457842	0.3108261985245785	0.031082619852457846
0.53	3.111198463921709	0.31111984639217094	0.031111984639217088
0.531	3.1141321736389953	0.3114132173638996	0.031141321736389956
0.532	3.1170631222158893	0.31170631222158895	0.031170631222158896
0.533	3.1199913174339127	0.31199913174339133	0.03119991317433913
0.534	3.122916767038106	0.31229167670381064	0.031229167670381062
0.535	3.125839478737267	0.31258394787372673	0.03125839478737267
0.536	3.128759460204188	0.31287594602041885	0.031287594602041884
0.537	3.1316767190758905	0.3131676719075891	0.03131676719075891
0.538	3.1345912629538595	0.31345912629538597	0.0313459126295386
0.539	3.1375030994042707	0.3137503099404271	0.03137503099404271
0.54	3.140412235958225	0.31404122359582254	0.03140412235958225
0.541	3.143318680111972	0.3143318680111972	0.03143318680111972
0.542	3.146222439327138	0.3146222439327138	0.031462224393271385
0.543	3.149123521030946	0.31491235210309454	0.03149123521030946
0.544	3.1520219326164396	0.315202193261644	0.031520219326164396
0.545	3.1549176814427033	0.3154917681442703	0.03154917681442703
0.546	3.1578107748350814	0.31578107748350814	0.03157810774835081
0.547	3.1607012200853895	0.316070122008539	0.03160701220085389
0.548	3.1635890244521345	0.3163589024452135	0.03163589024452134
0.549	3.1664741951607214	0.31664741951607217	0.03166474195160721
0.55	3.1693567394036712	0.31693567394036715	0.03169356739403671
0.551	3.1722366643408257	0.31722366643408256	0.03172236664340825
0.552	3.1751139770995533	0.31751139770995535	0.031751139770995536
0.553	3.1779886847749594	0.31779886847749594	0.03177988684774959
0.554	3.1808607944300875	0.3180860794430088	0.031808607944300876
0.555	3.1837303130961234	0.31837303130961236	0.03183730313096124
0.556	3.1865972477725943	0.31865972477725946	0.03186597247772595
0.557	3.189461605427569	0.31894616054275693	0.031894616054275696
0.558	3.1923233929978556	0.3192323392997856	0.031923233929978555
0.559	3.195182617389196	0.3195182617389197	0.031951826173891966
0.56	3.1980392854764634	0.31980392854764633	0.03198039285476464
0.561	3.200893404103851	0.3200893404103851	0.032008934041038516
0.562	3.2037449800850686	0.32037449800850687	0.03203744980085069
0.5630000000000001	3.2065940202035264	0.32065940202035265	0.032065940202035265
0.5640000000000001	3.2094405312125263	0.3209440531212527	0.03209440531212526
0.5650000000000001	3.2122845198354515	0.3212284519835452	0.03212284519835451
0.5660000000000001	3.2151259927659464	0.32151259927659465	0.03215125992765946
0.5670000000000001	3.217964956668103	0.3217964956668103	0.032179649566681026
0.5680000000000001	3.220801418176644	0.32208014181766437	0.032208014181766435
0.5690000000000001	3.2236353838971015	0.32236353838971016	0.03223635383897101
0.5700000000000001	3.226466860405999	0.32264668604059993	0.03226466860405999
0.5710000000000001	3.229295854251028	0.3229295854251028	0.032292958542510276
0.5720000000000001	3.232122371951225	0.3232122371951225	0.032321223719512245
0.5730000000000001	3.2349464199971454	0.32349464199971456	0.03234946419997146
0.5740000000000001	3.2377680048510395	0.323776800485104	0.032377680048510396
0.5750000000000001	3.2405871329470237	0.32405871329470237	0.03240587132947024
0.5760000000000001	3.243403810691254	0.32434038106912544	0.03243403810691254
0.5770000000000001	3.246218044462091	0.3246218044462091	0.03246218044462091
0.5780000000000001	3.2490298406102727	0.3249029840610273	0.03249029840610273
0.5790000000000001	3.2518392054590812	0.3251839205459081	0.03251839205459081
0.58	3.254646145304506	0.3254646145304506	0.03254646145304506
0.581	3.257450666415412	0.32574506664154124	0.032574506664154124
0.582	3.2602527750337007	0.3260252775033701	0.03260252775033701
0.583	3.2630524773744725	0.32630524773744723	0.03263052477374473
0.584	3.265849779626187	0.3265849779626187	0.03265849779626187
0.585	3.2686446879508253	0.3268644687950826	0.03268644687950825
0.586	3.271437208484045	0.3271437208484045	0.03271437208484045
0.587	3.2742273473353394	0.32742273473353395	0.032742273473353393
0.588	3.277015110588193	0.32770151105881934	0.03277015110588193
0.589	3.279800504300236	0.3279800504300236	0.03279800504300236
0.59	3.282583534503397	0.32825835345033977	0.03282583534503397
0.591	3.285364207204058	0.32853642072040584	0.03285364207204058
0.592	3.2881425283832026	0.32881425283832033	0.032881425283832026
0.593	3.290918503996569	0.32909185039965694	0.03290918503996569
0.594	3.293692139974796	0.3293692139974796	0.03293692139974796
0.595	3.296463442223572	0.3296463442223572	0.03296463442223572
0.596	3.299232416623785	0.3299232416623785	0.03299232416623785
0.597	3.3019990690316603	0.33019990690316603	0.0330199906903166
0.598	3.304763405278914	0.33047634052789143	0.03304763405278914
0.599	3.3075254311728908	0.33075254311728913	0.033075254311728905
0.6	3.3102851524967076	0.33102851524967075	0.03310285152496708
0.601	3.313042575009395	0.3313042575009395	0.03313042575009395
0.602	3.3157977044460383	0.33157977044460385	0.033157977044460385
0.603	3.3185505465179146	0.3318550546517915	0.03318550546517915
0.604	3.321301106912634	0.3321301106912634	0.03321301106912634
0.605	3.324049391294272	0.3324049391294272	0.03324049391294272
0.606	3.3267954053035114	0.33267954053035115	0.03326795405303511
0.607	3.3295391545577724	0.33295391545577724	0.03329539154557772
0.608	3.3322806446513504	0.33322806446513503	0.03332280644651351
0.609	3.335019881155546	0.33350198811555465	0.033350198811555466
0.61	3.3377568696188	0.33377568696188004	0.033377568696188
0.611	3.34049161556682	0.334049161556682	0.0334049161556682
0.612	3.343224124502716	0.3343224124502716	0.03343224124502716
0.613	3.3459544019071283	0.3345954401907128	0.03345954401907128
0.614	3.3486824532383515	0.3348682453238352	0.03348682453238351
0.615	3.3514082839324657	0.3351408283932466	0.03351408283932466
0.616	3.354131899403464	0.3354131899403464	0.03354131899403464
0.617	3.3568533050433738	0.3356853305043374	0.03356853305043374
0.618	3.359572506222385	0.3359572506222385	0.03359572506222386
0.619	3.362289508288971	0.3362289508288971	0.03362289508288971
0.62	3.3650043165700136	0.3365004316570014	0.03365004316570014
0.621	3.3677169363709227	0.3367716936370923	0.033677169363709236
0.622	3.370427372975761	0.3370427372975761	0.03370427372975761
0.623	3.3731356316473584	0.3373135631647359	0.03373135631647359
0.624	3.3758417176274365	0.3375841717627437	0.03375841717627437
0.625	3.3785456361367223	0.3378545636136723	0.033785456361367226
0.626	3.381247392375072	0.33812473923750724	0.03381247392375072
0.627	3.383946991521581	0.33839469915215814	0.03383946991521582
0.628	3.386644438734703	0.33866444387347033	0.03386644438734703
0.629	3.389339739152366	0.3389339739152366	0.033893397391523666
0.63	3.392032897892082	0.3392032897892082	0.03392032897892082
0.631	3.394723920051068	0.33947239200510687	0.03394723920051068
0.632	3.397412810706351	0.3397412810706351	0.03397412810706351
0.633	3.400099574914883	0.34000995749148827	0.03400099574914883
0.634	3.40278421771365	0.340278421771365	0.0340278421771365
0.635	3.4054667441197872	0.3405466744119787	0.034054667441197874
0.636	3.408147159130685	0.34081471591306856	0.03408147159130685
0.637	3.410825467724095	0.34108254677240957	0.03410825467724095
0.638	3.4135016748582427	0.3413501674858243	0.034135016748582436
0.639	3.4161757854719306	0.3416175785471931	0.0341617578547193
0.64	3.418847804484648	0.3418847804484648	0.03418847804484648
0.641	3.4215177367966727	0.34215177367966726	0.034215177367966726
0.642	3.424185587289182	0.34241855872891824	0.03424185587289182
0.643	3.4268513608243496	0.342685136082435	0.0342685136082435
0.644	3.429515062245452	0.34295150622454523	0.03429515062245452
0.645	3.432176696376975	0.34321766963769745	0.03432176696376975
0.646	3.434836268024707	0.34348362680247074	0.034348362680247074
0.647	3.4374937819758498	0.343749378197585	0.0343749378197585
0.648	3.4401492429991123	0.3440149242999112	0.034401492429991125
0.649	3.442802655844813	0.3442802655844813	0.03442802655844813
0.65	3.4454540252449797	0.344545402524498	0.034454540252449796
0.651	3.4481033559134455	0.3448103355913446	0.034481033559134455
0.652	3.45075065254595	0.34507506525459497	0.034507506525459496
0.653	3.453395919820233	0.3453395919820233	0.034533959198202326
0.654	3.456039162396133	0.34560391623961334	0.03456039162396133
0.655	3.458680384915683	0.34586803849156833	0.03458680384915683
0.656	3.4613195920032047	0.34613195920032047	0.03461319592003205
0.657	3.4639567882654037	0.3463956788265404	0.034639567882654036
0.658	3.46659197829146	0.34665919782914606	0.034665919782914605
0.659	3.4692251666531297	0.346922516665313	0.0346922516665313
0.66	3.4718563579048265	0.34718563579048267	0.03471856357904826
0.661	3.4744855565837227	0.3474485556583723	0.03474485556583723
0.662	3.4771127672098348	0.3477112767209835	0.03477112767209835
0.663	3.4797379942861175	0.3479737994286118	0.034797379942861174
0.664	3.4823612422985506	0.34823612422985506	0.034823612422985505
0.665	3.4849825157162324	0.34849825157162323	0.034849825157162326
0.666	3.4876018189914637	0.3487601818991464	0.03487601818991464
0.667	3.4902191565598426	0.3490219156559843	0.03490219156559843
0.668	3.4928345328403454	0.34928345328403454	0.03492834532840346
0.669	3.4954479522354176	0.34954479522354176	0.03495447952235418
0.67	3.498059419131057	0.3498059419131057	0.034980594191310575
0.671	3.500668937896904	0.3500668937896904	0.03500668937896904
0.672	3.503276512886325	0.3503276512886325	0.035032765128863254
0.673	3.5058821484364966	0.35058821484364966	0.03505882148436497
0.674	3.5084858488684887	0.3508485848868489	0.03508485848868489
0.675	3.51108761848735	0.351108761848735	0.0351108761848735
0.676	3.5136874615821916	0.35136874615821917	0.03513687461582191
0.6769999999999999	3.5162853824262665	0.3516285382426267	0.035162853824262666
0.6779999999999999	3.5188813852770555	0.35188813852770556	0.035188813852770555
0.6789999999999999	3.5214754743763454	0.3521475474376346	0.035214754743763454
0.6799999999999999	3.524067653950309	0.35240676539503096	0.035240676539503094
0.6809999999999999	3.5266579282095925	0.3526657928209592	0.03526657928209592
0.6819999999999999	3.5292463013493838	0.3529246301349384	0.03529246301349384
0.6829999999999999	3.5318327775495035	0.3531832777549504	0.03531832777549503
0.6839999999999999	3.5344173609744747	0.3534417360974475	0.03534417360974475
0.6849999999999999	3.5370000557736074	0.35370000557736075	0.03537000055773608
0.6859999999999999	3.539580866081073	0.3539580866081073	0.03539580866081073
0.6869999999999999	3.54215979601598	0.354215979601598	0.0354215979601598
0.688	3.5447368496824563	0.35447368496824566	0.03544736849682457
0.689	3.547312031169719	0.3547312031169719	0.03547312031169719
0.69	3.5498853445521554	0.3549885344552155	0.035498853445521554
0.691	3.5524567938893927	0.3552456793889393	0.03552456793889393
0.692	3.555026383226381	0.3555026383226381	0.035550263832263805
0.693	3.557594116593456	0.3557594116593456	0.03557594116593456
0.694	3.5601599980064247	0.35601599980064247	0.03560159998006425
0.695	3.5627240314666313	0.35627240314666314	0.03562724031466631
0.696	3.5652862209610285	0.35652862209610287	0.03565286220961029
0.697	3.5678465704622604	0.35678465704622603	0.0356784657046226
0.698	3.5704050839287187	0.3570405083928719	0.03570405083928719
0.699	3.5729617653046297	0.357296176530463	0.035729617653046296
0.7	3.5755166185201133	0.3575516618520113	0.03575516618520113
0.701	3.578069647491262	0.3578069647491262	0.035780696474912624
0.702	3.5806208561202033	0.35806208561202035	0.035806208561202035
0.703	3.583170248295175	0.35831702482951755	0.035831702482951755
0.704	3.585717827890595	0.3585717827890595	0.03585717827890595
0.705	3.588263598767122	0.3588263598767122	0.035882635987671226
0.706	3.590807564771734	0.3590807564771734	0.03590807564771734
0.707	3.593349729737789	0.3593349729737789	0.035933497297377895
0.708	3.595890097485097	0.3595890097485097	0.03595890097485097
0.709	3.598428671819981	0.35984286718199815	0.035984286718199816
0.71	3.6009654565353504	0.36009654565353505	0.0360096545653535
0.711	3.6035004554107637	0.36035004554107636	0.03603500455410764
0.712	3.6060336722124924	0.36060336722124925	0.03606033672212492
0.713	3.608565110693591	0.3608565110693591	0.036085651106935915
0.714	3.6110947745939566	0.36110947745939564	0.036110947745939564
0.715	3.613622667640399	0.36136226676403993	0.03613622667640399
0.716	3.6161487935466994	0.36161487935467	0.036161487935466995
0.717	3.618673156013677	0.3618673156013677	0.03618673156013677
0.718	3.621195758729251	0.3621195758729251	0.036211957587292516
0.719	3.6237166053685055	0.36237166053685055	0.03623716605368506
0.72	3.6262356995937512	0.3626235699593751	0.036262356995937516
0.721	3.6287530450545833	0.36287530450545835	0.036287530450545835
0.722	3.6312686453879515	0.36312686453879517	0.036312686453879514
0.723	3.633782504218212	0.3633782504218212	0.03633782504218212
0.724	3.6362946251571966	0.3636294625157197	0.03636294625157197
0.725	3.638805011804267	0.3638805011804267	0.03638805011804267
0.726	3.6413136677463784	0.3641313667746378	0.03641313667746378
0.727	3.6438205965581396	0.364382059655814	0.036438205965581394
0.728	3.6463258018018694	0.36463258018018696	0.036463258018018696
0.729	3.6488292870276604	0.36488292870276606	0.036488292870276606
0.73	3.6513310557734306	0.3651331055773431	0.03651331055773431
0.731	3.6538311115649904	0.365383111156499	0.0365383111156499
0.732	3.6563294579160925	0.36563294579160927	0.036563294579160924
0.733	3.658826098328495	0.36588260983284954	0.03658826098328495
0.734	3.6613210362920174	0.3661321036292018	0.03661321036292017
0.735	3.663814275284595	0.36638142752845954	0.03663814275284595
0.736	3.66630581877234	0.366630581877234	0.0366630581877234
0.737	3.668795670209592	0.36687956702095925	0.03668795670209592
0.738	3.67128383303898	0.367128383303898	0.0367128383303898
0.739	3.6737703106914728	0.3673770310691473	0.03673770310691473
0.74	3.676255106586437	0.3676255106586437	0.036762551065864374
0.741	3.678738224131691	0.3678738224131691	0.036787382241316904
0.742	3.68121966672356	0.368121966672356	0.0368121966672356
0.743	3.683699437746931	0.3683699437746931	0.03683699437746931
0.744	3.6861775405753026	0.3686177540575302	0.03686177540575303
0.745	3.6886539785708443	0.36886539785708444	0.036886539785708446
0.746	3.6911287550844465	0.3691128755084447	0.03691128755084447
0.747	3.6936018734557723	0.3693601873455773	0.03693601873455773
0.748	3.6960733370133125	0.36960733370133125	0.03696073337013313
0.749	3.698543149074437	0.36985431490744375	0.036985431490744375
0.75	3.701011312945448	0.37010113129454486	0.037010113129454486
0.751	3.703477831921628	0.3703477831921628	0.03703477831921628
0.752	3.705942709287295	0.37059427092872954	0.03705942709287295
0.753	3.708405948315851	0.37084059483158516	0.03708405948315851
0.754	3.710867552269836	0.3710867552269836	0.03710867552269836
0.755	3.713327524400973	0.37133275244009734	0.037133275244009736
0.756	3.7157858679502227	0.3715785867950223	0.03715785867950223
0.757	3.7182425861478325	0.3718242586147833	0.03718242586147833
0.758	3.7206976822133853	0.3720697682213386	0.03720697682213386
0.759	3.7231511593558477	0.3723151159355848	0.037231511593558475
0.76	3.7256030207736206	0.37256030207736207	0.037256030207736206
0.761	3.728053269654587	0.37280532696545876	0.037280532696545875
0.762	3.730501909176162	0.3730501909176162	0.03730501909176163
0.763	3.7329489425053386	0.3732948942505339	0.03732948942505338
0.764	3.7353943727987358	0.3735394372798736	0.03735394372798736
0.765	3.737838203202647	0.37378382032026475	0.037378382032026466
0.766	3.7402804368530878	0.3740280436853088	0.03740280436853088
0.767	3.7427210768758417	0.3742721076875842	0.037427210768758414
0.768	3.745160126386507	0.3745160126386507	0.03745160126386507
0.769	3.7475975884905424	0.37475975884905427	0.03747597588490542
0.77	3.7500334662833157	0.3750033466283316	0.03750033466283316
0.771	3.752467762850148	0.3752467762850148	0.037524677628501486
0.772	3.754900481266358	0.37549004812663583	0.03754900481266358
0.773	3.75733162459731	0.37573316245973104	0.037573316245973105
0.774	3.7597611958984567	0.3759761195898457	0.03759761195898457
0.775	3.762189198215386	0.37621891982153866	0.03762189198215386
0.776	3.764615634583863	0.37646156345838633	0.03764615634583863
0.777	3.7670405080298774	0.37670405080298774	0.03767040508029878
0.778	3.7694638215696843	0.37694638215696846	0.037694638215696845
0.779	3.771885578209851	0.3771885578209851	0.037718855782098513
0.78	3.7743057809472984	0.3774305780947299	0.03774305780947299
0.781	3.776724432769345	0.37767244327693456	0.037767244327693454
0.782	3.7791415366537495	0.377914153665375	0.0377914153665375
0.783	3.781557095568755	0.3781557095568755	0.03781557095568755
0.784	3.7839711124731297	0.37839711124731296	0.0378397111247313
0.785	3.7863835903162086	0.3786383590316209	0.037863835903162085
0.786	3.7887945320379415	0.3788794532037942	0.03788794532037941
0.787	3.7912039405689235	0.37912039405689235	0.037912039405689234
0.788	3.7936118188304486	0.3793611818830449	0.03793611818830449
0.789	3.7960181697345443	0.37960181697345446	0.03796018169734544
0.79	3.7984229961840126	0.3798422996184013	0.03798422996184012
0.791	3.8008263010724743	0.38008263010724747	0.03800826301072475
0.792	3.8032280872844058	0.38032280872844065	0.03803228087284406
0.793	3.805628357695183	0.38056283576951827	0.03805628357695183
0.794	3.808027115171118	0.3808027115171118	0.038080271151711184
0.795	3.810424362569503	0.38104243625695033	0.038104243625695026
0.796	3.8128201027386455	0.38128201027386455	0.038128201027386455
0.797	3.815214338517912	0.3815214338517912	0.03815214338517912
0.798	3.817607072737765	0.3817607072737765	0.03817607072737765
0.799	3.8199983082198	0.38199983082198	0.038199983082198
0.8	3.8223880477767915	0.3822388047776792	0.03822388047776792
0.801	3.824776294212722	0.3824776294212723	0.03824776294212722
0.802	3.8271630503228287	0.3827163050322829	0.03827163050322829
0.803	3.8295483188936363	0.38295483188936363	0.038295483188936365
0.8039999999999999	3.831932102702995	0.38319321027029957	0.03831932102702995
0.8049999999999999	3.8343144045201267	0.3834314404520127	0.03834314404520127
0.8059999999999999	3.836695227105649	0.3836695227105649	0.03836695227105649
0.8069999999999999	3.8390745732116223	0.3839074573211622	0.038390745732116226
0.8079999999999999	3.8414524455815853	0.38414524455815857	0.038414524455815856
0.8089999999999999	3.8438288469505855	0.38438288469505855	0.03843828846950586
0.8099999999999999	3.8462037800452284	0.38462037800452287	0.038462037800452285
0.8109999999999999	3.848577247583701	0.38485772475837005	0.03848577247583701
0.8119999999999999	3.850949252275816	0.38509492522758165	0.03850949252275816
0.813	3.853319796823047	0.38533197968230476	0.038533197968230466
0.814	3.8556888839185577	0.3855688883918558	0.03855688883918558
0.815	3.858056516247251	0.3858056516247252	0.03858056516247251
0.816	3.8604226964857884	0.38604226964857885	0.03860422696485788
0.817	3.862787427302639	0.3862787427302639	0.038627874273026386
0.818	3.8651507113581056	0.3865150711358106	0.038651507113581056
0.819	3.8675125513043653	0.38675125513043657	0.038675125513043654
0.82	3.869872949785502	0.3869872949785502	0.03869872949785502
0.821	3.872231909437537	0.3872231909437537	0.038722319094375374
0.822	3.8745894328884716	0.38745894328884717	0.038745894328884714
0.823	3.8769455227583145	0.38769455227583144	0.03876945522758315
0.824	3.8793001816591195	0.38793001816591194	0.0387930018165912
0.825	3.8816534121950155	0.3881653412195015	0.03881653412195015
0.826	3.884005216962246	0.38840052169622463	0.03884005216962246
0.827	3.8863555985491955	0.38863555985491954	0.03886355598549196
0.828	3.8887045595364285	0.3888704559536429	0.03888704559536429
0.829	3.8910521024967197	0.389105210249672	0.0389105210249672
0.83	3.893398229995087	0.3893398229995087	0.03893398229995087
0.831	3.8957429445888248	0.38957429445888253	0.03895742944588825
0.832	3.898086248827537	0.3898086248827537	0.03898086248827537
0.833	3.900428145253169	0.39004281452531686	0.03900428145253169
0.834	3.902768636400038	0.3902768636400038	0.039027686364000384
0.835	3.9051077247948665	0.3905107724794867	0.039051077247948665
0.836	3.9074454129568177	0.3907445412956818	0.03907445412956818
0.837	3.90978170339752	0.390978170339752	0.039097817033975205
0.838	3.9121165986211026	0.3912116598621103	0.03912116598621103
0.839	3.914450101124228	0.39144501011242283	0.039144501011242276
0.84	3.9167822133961203	0.391678221339612	0.03916782213396121
0.841	3.919112937918598	0.3919112937918598	0.03919112937918598
0.842	3.921442277166104	0.39214422771661045	0.03921442277166104
0.843	3.9237702336057363	0.3923770233605737	0.03923770233605736
0.844	3.9260968096972784	0.39260968096972787	0.039260968096972784
0.845	3.9284220078932304	0.3928422007893231	0.03928422007893231
0.846	3.930745830638839	0.39307458306388393	0.03930745830638839
0.847	3.933068280372126	0.3933068280372126	0.03933068280372126
0.848	3.9353893595239184	0.39353893595239187	0.039353893595239185
0.849	3.9377090705178834	0.39377090705178835	0.039377090705178835
0.85	3.940027415770549	0.3940027415770549	0.03940027415770549
0.851	3.9423443976913375	0.39423443976913375	0.03942344397691338
0.852	3.944660018682601	0.39446600186826014	0.03944660018682601
0.853	3.9469742811396356	0.39469742811396363	0.039469742811396355
0.854	3.9492871874507283	0.39492871874507285	0.03949287187450728
0.855	3.951598739997169	0.3951598739997169	0.03951598739997169
0.856	3.9539089411532924	0.39539089411532924	0.039539089411532925
0.857	3.956217793286497	0.3956217793286497	0.03956217793286498
0.858	3.958525298757281	0.3958525298757281	0.03958525298757281
0.859	3.960831459919262	0.39608314599192623	0.039608314599192625
0.86	3.9631362791192135	0.3963136279119213	0.039631362791192136
0.861	3.9654397586970878	0.39654397586970874	0.03965439758697088
0.862	3.9677419009860437	0.39677419009860443	0.03967741900986044
0.863	3.970042708312479	0.39700427083124795	0.039700427083124795
0.864	3.972342182996049	0.39723421829960487	0.03972342182996049
0.865	3.974640327349703	0.39746403273497033	0.03974640327349703
0.866	3.9769371436797045	0.39769371436797046	0.03976937143679705
0.867	3.979232634285663	0.3979232634285663	0.03979232634285663
0.868	3.98152680146056	0.398152680146056	0.039815268014605595
0.869	3.98381964749077	0.398381964749077	0.039838196474907696
0.87	3.986111174656098	0.39861111746560984	0.039861111746560984
0.871	3.9884013852297957	0.3988401385229796	0.039884013852297964
0.872	3.9906902814785927	0.3990690281478593	0.03990690281478593
0.873	3.9929778656627213	0.3992977865662722	0.03992977865662722
0.874	3.9952641400359443	0.39952641400359445	0.039952641400359444
0.875	3.9975491068455797	0.399754910684558	0.0399754910684558
0.876	3.9998327683325234	0.3999832768332524	0.03999832768332524
0.877	4.002115126731284	0.4002115126731284	0.040021151267312836
0.878	4.004396184269993	0.4004396184269994	0.040043961842699934
0.879	4.006675943170451	0.4006675943170451	0.040066759431704506
0.88	4.00895440564813	0.4008954405648131	0.040089544056481304
0.881	4.011231573912218	0.4011231573912218	0.04011231573912218
0.882	4.013507450165631	0.40135074501656315	0.040135074501656307
0.883	4.015782036605044	0.40157820366050445	0.040157820366050444
0.884	4.018055335420916	0.40180553354209164	0.04018055335420916
0.885	4.020327348797511	0.40203273487975116	0.04020327348797511
0.886	4.0225980789129245	0.40225980789129245	0.04022598078912925
0.887	4.0248675279391115	0.40248675279391116	0.04024867527939111
0.888	4.027135698041901	0.4027135698041901	0.04027135698041901
0.889	4.02940259138103	0.40294025913810305	0.0402940259138103
0.89	4.031668210110164	0.40316682101101636	0.04031668210110164
0.891	4.033932556376919	0.40339325563769196	0.04033932556376919
0.892	4.036195632322888	0.4036195632322888	0.04036195632322888
0.893	4.038457440083662	0.40384574400836626	0.04038457440083663
0.894	4.040717981788858	0.4040717981788858	0.040407179817888585
0.895	4.042977259562136	0.4042977259562136	0.04042977259562136
0.896	4.045235275521226	0.4045235275521226	0.040452352755212265
0.897	4.047492031777954	0.4047492031777954	0.040474920317779536
0.898	4.049747530438257	0.40497475304382574	0.04049747530438257
0.899	4.052001773602215	0.4052001773602215	0.04052001773602215
0.9	4.054254763364067	0.40542547633640674	0.04054254763364067
0.901	4.056506501812239	0.40565065018122387	0.04056506501812238
0.902	4.058756991029359	0.40587569910293586	0.04058756991029359
0.903	4.06100623309229	0.406100623309229	0.0406100623309229
0.904	4.063254230072142	0.40632542300721425	0.04063254230072143
0.905	4.065500984034305	0.4065500984034304	0.040655009840343044
0.906	4.067746497038455	0.4067746497038456	0.04067746497038456
0.907	4.069990771138598	0.40699907711385985	0.04069990771138598
0.908	4.072233808383071	0.4072233808383071	0.04072233808383071
0.909	4.074475610814578	0.40744756108145785	0.04074475610814578
0.91	4.0767161804702035	0.4076716180470204	0.04076716180470203
0.911	4.078955519381438	0.4078955519381438	0.04078955519381438
0.912	4.081193629574199	0.4081193629574199	0.04081193629574199
0.913	4.083430513068854	0.4083430513068855	0.040834305130688545
0.914	4.085666171880236	0.4085666171880236	0.04085666171880236
0.915	4.08790060801767	0.40879006080176705	0.0408790060801767
0.916	4.090133823484993	0.40901338234849927	0.04090133823484993
0.917	4.092365820280575	0.4092365820280575	0.040923658202805746
0.918	4.094596600397337	0.4094596600397337	0.04094596600397338
0.919	4.096826165822778	0.4096826165822778	0.04096826165822778
0.92	4.099054518538989	0.40990545185389893	0.040990545185389894
0.921	4.101281660522675	0.41012816605226754	0.04101281660522675
0.922	4.1035075937451815	0.41035075937451815	0.041035075937451815
0.923	4.105732320172505	0.4105732320172505	0.041057323201725046
0.924	4.107955841765322	0.4107955841765322	0.04107955841765322
0.925	4.110178160479005	0.41101781604790044	0.04110178160479005
0.926	4.11239927826364	0.411239927826364	0.0411239927826364
0.927	4.114619197064053	0.41146191970640533	0.04114619197064053
0.928	4.116837918819827	0.41168379188198273	0.04116837918819827
0.929	4.11905544546532	0.41190554454653205	0.0411905544546532
0.93	4.1212717789296835	0.4121271778929684	0.04121271778929684
0.931	4.123486921136888	0.41234869211368885	0.04123486921136888
0.932	4.125700874005737	0.41257008740057377	0.041257008740057374
0.9329999999999999	4.12791363944989	0.412791363944989	0.0412791363944989
0.9339999999999999	4.130125219377878	0.4130125219377878	0.04130125219377878
0.9349999999999999	4.132335615693127	0.4132335615693128	0.04132335615693128
0.9359999999999999	4.134544830293975	0.41345448302939747	0.04134544830293975
0.9369999999999999	4.136752865073689	0.4136752865073689	0.04136752865073689
0.938	4.138959721920486	0.4138959721920486	0.041389597219204856
0.939	4.1411654027175535	0.4141165402717554	0.04141165402717554
0.94	4.1433699093430665	0.41433699093430665	0.04143369909343066
0.941	4.145573243670205	0.4145573243670205	0.04145573243670205
0.942	4.147775407567175	0.4147775407567175	0.04147775407567175
0.943	4.149976402897223	0.4149976402897223	0.04149976402897223
0.944	4.15217623151866	0.415217623151866	0.0415217623151866
0.945	4.154374895284877	0.41543748952848775	0.04154374895284877
0.946	4.156572396044362	0.41565723960443623	0.04156572396044362
0.947	4.15876873564072	0.41587687356407205	0.0415876873564072
0.948	4.160963915912686	0.4160963915912686	0.04160963915912686
0.949	4.163157938694156	0.41631579386941564	0.041631579386941564
0.95	4.165350805814188	0.4165350805814188	0.04165350805814188
0.951	4.167542519097033	0.41675425190970333	0.04167542519097033
0.952	4.1697330803621435	0.4169733080362144	0.04169733080362144
0.953	4.171922491424201	0.4171922491424201	0.04171922491424201
0.954	4.17411075409312	0.41741107540931205	0.04174110754093121
0.955	4.176297870174082	0.4176297870174082	0.04176297870174082
0.956	4.1784838414675365	0.41784838414675374	0.04178483841467537
0.957	4.180668669769232	0.4180668669769232	0.041806686697692316
0.958	4.182852356870223	0.4182852356870223	0.04182852356870223
0.959	4.1850349045568915	0.4185034904556892	0.04185034904556891
0.96	4.187216314610966	0.4187216314610966	0.041872163146109656
0.961	4.189396588809536	0.4189396588809536	0.04189396588809535
0.962	4.191575728925066	0.4191575728925067	0.04191575728925067
0.963	4.193753736725422	0.41937537367254224	0.041937537367254224
0.964	4.195930613973875	0.4195930613973875	0.04195930613973876
0.965	4.198106362429127	0.4198106362429127	0.04198106362429127
0.966	4.200280983845323	0.4200280983845323	0.04200280983845323
0.967	4.202454479972077	0.4202454479972077	0.04202454479972077
0.968	4.204626852554471	0.4204626852554471	0.04204626852554471
0.969	4.206798103333085	0.42067981033330853	0.042067981033330856
0.97	4.208968234044013	0.4208968234044014	0.04208968234044013
0.971	4.21113724641887	0.42111372464188707	0.0421113724641887
0.972	4.2133051421848196	0.42133051421848194	0.04213305142184819
0.973	4.2154719230645785	0.4215471923064578	0.04215471923064578
0.974	4.217637590776443	0.42176375907764424	0.04217637590776443
0.975	4.2198021470342955	0.42198021470342956	0.04219802147034296
0.976	4.221965593547629	0.42219655935476286	0.04221965593547629
0.977	4.224127932021556	0.42241279320215563	0.04224127932021556
0.978	4.226289164156832	0.4226289164156832	0.04226289164156831
0.979	4.2284492916498575	0.42284492916498573	0.04228449291649858
0.98	4.23060831619271	0.423060831619271	0.042306083161927105
0.981	4.232766239473148	0.4232766239473148	0.04232766239473148
0.982	4.234923063174629	0.423492306317463	0.0423492306317463
0.983	4.237078788976329	0.42370787889763295	0.0423707878897633
0.984	4.239233418553153	0.4239233418553152	0.042392334185531524
0.985	4.241386953575749	0.424138695357575	0.0424138695357575
0.986	4.243539395710533	0.42435393957105333	0.04243539395710533
0.987	4.2456907466196885	0.42456907466196886	0.04245690746619688
0.988	4.2478410079611955	0.42478410079611956	0.04247841007961196
0.989	4.249990181388837	0.42499901813888374	0.04249990181388837
0.99	4.252138268552218	0.4252138268552218	0.04252138268552218
0.991	4.254285271096778	0.4254285271096779	0.042542852710967784
0.992	4.2564311906638075	0.42564311906638075	0.04256431190663807
0.993	4.258576028890461	0.42585760288904617	0.042585760288904616
0.994	4.260719787409773	0.4260719787409773	0.04260719787409773
0.995	4.262862467850672	0.42628624678506727	0.04262862467850673
0.996	4.265004071837992	0.42650040718379917	0.04265004071837992
0.997	4.267144600992493	0.42671446009924935	0.04267144600992493
0.998	4.269284056930871	0.42692840569308715	0.04269284056930871
0.999	4.271422441265773	0.42714224412657725	0.04271422441265773
1.	4.27355975560581	0.427355975560581	0.042735597556058096